49.505          0.0011029      0.072419
148.51          0.0032948      0.072112
247.52          0.0054410      0.071492
346.53          0.0075212      0.070607
445.54          0.0095423      0.069514
544.55          0.011391       0.068042
643.56          0.013203       0.066503
742.57          0.014756       0.064595
841.58          0.016308       0.062686
940.59          0.017514       0.060466
1039.6          0.018707       0.058233
1138.6          0.019658       0.055890
1237.6          0.020431       0.053465
1336.6          0.021205       0.051040
1435.6          0.021590       0.048590
1534.7          0.021937       0.046138
1633.7          0.022283       0.043686
1732.7          0.022260       0.041371
1831.7          0.022225       0.039060
1930.7          0.022191       0.036749
2029.7          0.021939       0.034647
2128.7          0.021619       0.032612
2227.7          0.021299       0.030576
2326.7          0.020931       0.028634
2425.7          0.020434       0.026945
2524.8          0.019937       0.025255
2623.8          0.019440       0.023566
2722.8          0.018906       0.022059
2821.8          0.018335       0.020730
2920.8          0.017764       0.019402
3019.8          0.017194       0.018073
3118.8          0.016626       0.016897
3217.8          0.016061       0.015897
3316.8          0.015496       0.014896
3415.8          0.014931       0.013895
3514.9          0.014374       0.012935
3613.9          0.013862       0.012205
3712.9          0.013351       0.011475
3811.9          0.012839       0.010745
3910.9          0.012328       0.010015
4009.9          0.011855       0.0094021
4108.9          0.011415       0.0088821
4207.9          0.010974       0.0083622
4306.9          0.010533       0.0078422
4405.9          0.010092       0.0073223
4505.0          0.0097032      0.0069096
4604.0          0.0093377      0.0065447
4703.0          0.0089721      0.0061797
4802.0          0.0086066      0.0058147
4901.0          0.0082411      0.0054497
5000.0          0.0079130      0.0051458
5099.0          0.0076153      0.0048919
5198.0          0.0073177      0.0046379
5297.0          0.0070201      0.0043840
5396.0          0.0067224      0.0041300
5495.0          0.0064324      0.0038865
5594.1          0.0061919      0.0037108
5693.1          0.0059514      0.0035350
5792.1          0.0057108      0.0033593
5891.1          0.0054703      0.0031836
5990.1          0.0052298      0.0030078
6089.1          0.0050095      0.0028563
6188.1          0.0048148      0.0027354
6287.1          0.0046201      0.0026144
6386.1          0.0044254      0.0024935
6485.1          0.0042307      0.0023726
6584.2          0.0040360      0.0022517
6683.2          0.0038582      0.0021491
6782.2          0.0036992      0.0020667
6881.2          0.0035402      0.0019844
6980.2          0.0033812      0.0019021
7079.2          0.0032222      0.0018198
7178.2          0.0030633      0.0017375
7277.2          0.0029105      0.0016615
7376.2          0.0027787      0.0016068
7475.2          0.0026468      0.0015521
7574.3          0.0025150      0.0014974
7673.3          0.0023832      0.0014426
7772.3          0.0022514      0.0013879
7871.3          0.0021196      0.0013332
7970.3          0.0020021      0.0012929
8069.3          0.0018906      0.0012584
8168.3          0.0017790      0.0012240
8267.3          0.0016675      0.0011896
8366.3          0.0015559      0.0011552
8465.3          0.0014444      0.0011207
8564.4          0.0013328      0.0010863
8663.4          0.0012346      0.0010662
8762.4          0.0011376      0.0010473
8861.4          0.0010406      0.0010285
8960.4          9.4366E-4      0.0010097
9059.4          8.4668E-4      9.9084E-4
9158.4          7.4970E-4      9.7202E-4
9257.4          6.5272E-4      9.5319E-4
9356.4          5.6433E-4      9.4529E-4
9455.4          4.7751E-4      9.3939E-4
9554.5          3.9069E-4      9.3350E-4
9653.5          3.0387E-4      9.2760E-4
9752.5          2.1705E-4      9.2170E-4
9851.5          1.3023E-4      9.1580E-4
9950.5          4.3410E-5      9.0990E-4
