49.505          -7.7485E5      -1.2639E6      -35867
148.51          -3.3493E6      -3.7970E6      -1.0019E5
247.52          -5.9136E6      -6.3371E6      -1.5739E5
346.53          -8.4751E6      -8.8835E6      -2.0790E5
445.54          -1.1035E7      -1.1437E7      -2.5504E5
544.55          -1.3593E7      -1.3994E7      -2.9881E5
643.56          -1.6147E7      -1.6561E7      -3.4766E5
742.57          -1.8700E7      -1.9120E7      -3.9439E5
841.58          -2.1252E7      -2.1698E7      -4.4526E5
940.59          -2.3801E7      -2.4268E7      -4.9724E5
1039.6          -2.6362E7      -2.6856E7      -5.5702E5
1138.6          -2.8921E7      -2.9430E7      -6.1669E5
1237.6          -3.1474E7      -3.2016E7      -6.8340E5
1336.6          -3.4012E7      -3.4574E7      -7.7362E5
1435.6          -3.6578E7      -3.7229E7      -8.8294E5
1534.7          -3.9149E7      -3.9756E7      -9.8853E5
1633.7          -4.1721E7      -4.2316E7      -1.0791E6
1732.7          -4.4366E7      -4.4953E7      -1.2426E6
1831.7          -4.6960E7      -4.7447E7      -1.3948E6
1930.7          -4.9593E7      -5.0124E7      -1.6089E6
2029.7          -5.2234E7      -5.2675E7      -1.8458E6
2128.7          -5.4902E7      -5.5110E7      -2.1380E6
2227.7          -5.7566E7      -5.7542E7      -2.4301E6
2326.7          -6.0322E7      -5.9932E7      -2.7789E6
2425.7          -6.3105E7      -6.2316E7      -3.1843E6
2524.8          -6.5910E7      -6.4243E7      -3.6552E6
2623.8          -6.8919E7      -6.6206E7      -4.3555E6
2722.8          -7.2151E7      -6.7429E7      -5.1789E6
2821.8          -7.5682E7      -6.6961E7      -6.3318E6
2920.8          -8.1439E7      -6.4086E7      -5.7121E6
3019.8          -8.6493E7      -6.1262E7      2.2944E6
3118.8          -8.5078E7      -7.0905E7      6.5812E6
3217.8          -8.5206E7      -7.8335E7      5.8316E6
3316.8          -8.6879E7      -8.3078E7      4.8499E6
3415.8          -8.8907E7      -8.6665E7      3.9693E6
3514.9          -9.1052E7      -8.9942E7      3.3933E6
3613.9          -9.3316E7      -9.2702E7      2.9388E6
3712.9          -9.5697E7      -9.5485E7      2.5895E6
3811.9          -9.7890E7      -9.8072E7      2.2222E6
3910.9          -1.0029E8      -1.0073E8      1.9404E6
4009.9          -1.0269E8      -1.0338E8      1.6587E6
4108.9          -1.0511E8      -1.0576E8      1.4422E6
4207.9          -1.0754E8      -1.0810E8      1.2147E6
4306.9          -1.1002E8      -1.1071E8      1.0954E6
4405.9          -1.1249E8      -1.1322E8      9.7060E5
4505.0          -1.1496E8      -1.1569E8      8.6309E5
4604.0          -1.1744E8      -1.1815E8      7.5558E5
4703.0          -1.1993E8      -1.2057E8      6.7013E5
4802.0          -1.2247E8      -1.2310E8      6.0231E5
4901.0          -1.2499E8      -1.2558E8      5.3410E5
5000.0          -1.2751E8      -1.2805E8      4.6589E5
5099.0          -1.2997E8      -1.3051E8      4.0605E5
5198.0          -1.3248E8      -1.3301E8      3.5024E5
5297.0          -1.3501E8      -1.3551E8      3.1787E5
5396.0          -1.3754E8      -1.3800E8      2.8549E5
5495.0          -1.4007E8      -1.4050E8      2.5311E5
5594.1          -1.4260E8      -1.4299E8      2.2074E5
5693.1          -1.4510E8      -1.4547E8      1.9306E5
5792.1          -1.4763E8      -1.4798E8      1.7719E5
5891.1          -1.5016E8      -1.5049E8      1.6132E5
5990.1          -1.5269E8      -1.5299E8      1.4545E5
6089.1          -1.5522E8      -1.5550E8      1.2958E5
6188.1          -1.5774E8      -1.5801E8      1.1371E5
6287.1          -1.6026E8      -1.6050E8      1.0200E5
6386.1          -1.6279E8      -1.6302E8      94294
6485.1          -1.6532E8      -1.6553E8      86588
6584.2          -1.6784E8      -1.6805E8      78882
6683.2          -1.7037E8      -1.7056E8      71176
6782.2          -1.7290E8      -1.7308E8      63470
6881.2          -1.7542E8      -1.7559E8      58707
6980.2          -1.7795E8      -1.7810E8      52706
7079.2          -1.8047E8      -1.8062E8      48759
7178.2          -1.8300E8      -1.8314E8      44812
7277.2          -1.8552E8      -1.8566E8      40866
7376.2          -1.8805E8      -1.8817E8      36919
7475.2          -1.9058E8      -1.9069E8      33770
7574.3          -1.9310E8      -1.9321E8      30435
7673.3          -1.9563E8      -1.9573E8      28274
7772.3          -1.9815E8      -1.9825E8      26113
7871.3          -2.0068E8      -2.0077E8      23951
7970.3          -2.0320E8      -2.0329E8      21790
8069.3          -2.0573E8      -2.0581E8      19629
8168.3          -2.0825E8      -2.0833E8      17746
8267.3          -2.1078E8      -2.1086E8      16473
8366.3          -2.1330E8      -2.1338E8      15200
8465.3          -2.1583E8      -2.1590E8      13928
8564.4          -2.1835E8      -2.1842E8      12655
8663.4          -2.2088E8      -2.2094E8      11382
8762.4          -2.2340E8      -2.2347E8      9888.3
8861.4          -2.2593E8      -2.2599E8      9074.9
8960.4          -2.2845E8      -2.2851E8      8261.5
9059.4          -2.3098E8      -2.3104E8      7448.1
9158.4          -2.3350E8      -2.3356E8      6634.7
9257.4          -2.3603E8      -2.3608E8      5821.4
9356.4          -2.3855E8      -2.3861E8      4433.6
9455.4          -2.4108E8      -2.4113E8      3949.5
9554.5          -2.4360E8      -2.4365E8      3224.4
9653.5          -2.4613E8      -2.4618E8      2499.3
9752.5          -2.4865E8      -2.4870E8      1774.2
9851.5          -2.5117E8      -2.5123E8      1049.1
9950.5          -2.5370E8      -2.5375E8      323.97
